sp 20,15,15 1.5 255,255,255
sp 0.00,29.15,0.00 1.5 255,255,255
sp 5.06,28.57,-3.04 1.5 255,255,255
sp -8.11,27.98,4.98 1.5 255,255,255
sp 8.16,27.39,-6.26 1.5 255,255,255
sp -5.84,26.80,7.18 1.5 255,255,255
sp 2.03,26.21,-9.05 1.5 255,255,255
sp 2.11,25.62,10.61 1.5 255,255,255
sp -5.69,25.03,-11.23 1.5 255,255,255
sp 8.21,24.44,10.74 1.5 255,255,255
sp -9.47,23.85,-9.31 1.5 255,255,255
sp 9.42,23.27,7.18 1.5 255,255,255
sp -8.24,22.68,-4.68 1.5 255,255,255
sp 6.22,22.09,2.07 1.5 255,255,255
sp -3.61,21.50,0.36 1.5 255,255,255
sp 0.70,20.91,-2.39 1.5 255,255,255
sp 2.22,20.32,3.83 1.5 255,255,255
sp -4.89,19.73,-4.55 1.5 255,255,255
sp 7.07,19.14,4.51 1.5 255,255,255
sp -8.57,18.55,-3.73 1.5 255,255,255
sp 9.27,17.96,2.37 1.5 255,255,255
sp -9.10,17.38,-0.57 1.5 255,255,255
sp 8.08,16.79,-1.49 1.5 255,255,255
sp -6.32,16.20,3.58 1.5 255,255,255
sp 3.96,15.61,-5.46 1.5 255,255,255
sp -1.18,15.02,6.91 1.5 255,255,255
sp -1.77,14.43,-7.75 1.5 255,255,255
sp 4.61,13.84,7.91 1.5 255,255,255
sp -7.07,13.25,-7.34 1.5 255,255,255
sp 8.92,12.66,6.10 1.5 255,255,255
sp -9.94,12.07,-4.24 1.5 255,255,255
sp 10.05,11.48,1.93 1.5 255,255,255
sp -9.23,10.90,0.61 1.5 255,255,255
sp 7.55,10.31,-3.16 1.5 255,255,255
sp -5.11,9.72,5.43 1.5 255,255,255
sp 2.15,9.13,-7.17 1.5 255,255,255
sp 1.05,8.54,8.19 1.5 255,255,255
sp -4.18,7.95,-8.38 1.5 255,255,255
sp 6.94,7.36,7.70 1.5 255,255,255
sp -9.04,6.77,-6.19 1.5 255,255,255
sp 10.30,6.18,3.95 1.5 255,255,255
sp -10.60,5.59,-1.15 1.5 255,255,255
sp 9.90,5.00,-1.93 1.5 255,255,255
sp -8.27,4.42,4.96 1.5 255,255,255
sp 5.82,3.83,-7.60 1.5 255,255,255
sp -2.81,3.24,9.52 1.5 255,255,255
sp -0.42,2.65,-10.51 1.5 255,255,255
sp 3.56,2.06,10.49 1.5 255,255,255
sp -6.29,1.47,-9.47 1.5 255,255,255
sp 8.36,0.88,7.50 1.5 255,255,255
sp -9.56,0.29,-4.76 1.5 255,255,255
sp 9.77,-0.29,1.52 1.5 255,255,255
sp -8.96,-0.88,1.90 1.5 255,255,255
sp 7.21,-1.47,-5.15 1.5 255,255,255
sp -4.68,-2.06,7.89 1.5 255,255,255
sp 1.64,-2.65,-9.85 1.5 255,255,255
sp 1.56,-3.24,10.84 1.5 255,255,255
sp -4.60,-3.83,-10.74 1.5 255,255,255
sp 7.15,-4.42,9.45 1.5 255,255,255
sp -8.97,-5.00,-7.10 1.5 255,255,255
sp 9.87,-5.59,3.89 1.5 255,255,255
sp -9.80,-6.18,-0.12 1.5 255,255,255
sp 8.78,-6.77,-3.91 1.5 255,255,255
sp -6.91,-7.36,7.38 1.5 255,255,255
sp 4.38,-7.95,-9.94 1.5 255,255,255
sp -1.50,-8.54,11.35 1.5 255,255,255
sp -1.41,-9.13,-11.45 1.5 255,255,255
sp 4.07,-9.72,10.28 1.5 255,255,255
sp -6.22,-10.31,-7.94 1.5 255,255,255
sp 7.64,-10.90,4.60 1.5 255,255,255
sp -8.18,-11.48,-0.57 1.5 255,255,255
sp 7.85,-12.07,-3.72 1.5 255,255,255
sp -6.70,-12.66,7.74 1.5 255,255,255
sp 4.83,-13.25,-11.02 1.5 255,255,255
sp -2.43,-13.84,13.20 1.5 255,255,255
sp -0.27,-14.43,-14.00 1.5 255,255,255
sp 2.97,-15.02,13.25 1.5 255,255,255
sp -5.40,-15.61,-11.08 1.5 255,255,255
sp 7.29,-16.20,7.76 1.5 255,255,255
sp -8.44,-16.79,-3.57 1.5 255,255,255
sp 8.70,-17.38,-1.15 1.5 255,255,255
sp -8.04,-17.96,5.92 1.5 255,255,255
sp 6.54,-18.55,-10.26 1.5 255,255,255
sp -4.31,-19.14,13.71 1.5 255,255,255
sp 1.57,-19.73,-15.89 1.5 255,255,255
sp 1.40,-20.32,16.51 1.5 255,255,255
sp -4.33,-20.91,-15.42 1.5 255,255,255
sp 6.90,-21.50,12.72 1.5 255,255,255
sp -8.84,-22.09,-8.59 1.5 255,255,255
sp 9.87,-22.68,3.29 1.5 255,255,255
sp -9.77,-23.27,2.71 1.5 255,255,255
sp 8.44,-23.85,-8.78 1.5 255,255,255
sp -5.91,-24.44,14.24 1.5 255,255,255
sp 2.27,-25.03,-18.42 1.5 255,255,255
sp 2.25,-25.62,20.67 1.5 255,255,255
sp -7.22,-26.21,-20.24 1.5 255,255,255
sp 12.08,-26.80,16.20 1.5 255,255,255
sp -16.24,-27.39,-7.79 1.5 255,255,255
sp 18.99,-27.98,-4.93 1.5 255,255,255
sp -19.34,-28.57,20.08 1.5 255,255,255
sp 0.00,-29.15,-0.00 1.5 255,255,255
